z	mrd_sf	mrd_df	mr_df
0.0100 	 25.6456 	 25.3916 	 2.7402 
0.0300 	 26.4800 	 25.7087 	 24.5035 
0.0500 	 27.3896 	 26.0853 	 67.7523 
0.0700 	 28.3733 	 26.5171 	 132.3934 
0.0900 	 29.4089 	 26.9807 	 218.3328 
0.1100 	 30.4366 	 27.4204 	 324.9086 
0.1300 	 31.4553 	 27.8366 	 451.4567 
0.1500 	 32.5483 	 28.3029 	 598.7338 
0.1700 	 33.6703 	 28.7781 	 765.9262 
0.1900 	 34.9566 	 29.3753 	 956.3780 
0.2100 	 36.1819 	 29.9024 	 1164.4143 
0.2300 	 37.4319 	 30.4324 	 1391.5358 
0.2500 	 38.7959 	 31.0367 	 1641.0322 
0.2700 	 40.0924 	 31.5688 	 1905.1681 
0.2900 	 41.4862 	 32.1598 	 2190.6479 
0.3100 	 42.8093 	 32.6789 	 2488.3076 
0.3300 	 44.2210 	 33.2489 	 2806.1395 
0.3500 	 45.6345 	 33.8033 	 3138.5980 
0.3700 	 47.1166 	 34.3917 	 3489.6453 
0.3900 	 48.6464 	 34.9974 	 3857.6858 
0.4100 	 50.1369 	 35.5581 	 4235.0892 
0.4300 	 51.7204 	 36.1681 	 4632.0709 
0.4500 	 53.3622 	 36.8015 	 5045.7453 
0.4700 	 54.9191 	 37.3599 	 5461.6912 
0.4900 	 56.6348 	 38.0099 	 5903.0798 
0.5100 	 58.3288 	 38.6283 	 6351.5021 
0.5300 	 60.2249 	 39.3627 	 6831.0385 
0.5500 	 61.9589 	 39.9735 	 7300.4863 
0.5700 	 63.7340 	 40.5949 	 7781.5443 
0.5900 	 65.6859 	 41.3119 	 8290.9305 
0.6100 	 67.5271 	 41.9423 	 8792.4118 
0.6300 	 69.6631 	 42.7381 	 9338.1257 
0.6500 	 71.6586 	 43.4294 	 9870.5018 
0.6700 	 73.7267 	 44.1477 	 10417.2166 
0.6900 	 75.6899 	 44.7869 	 10952.4592 
0.7100 	 77.8994 	 45.5552 	 11526.3221 
0.7300 	 80.1467 	 46.3275 	 12108.8340 
0.7500 	 82.3854 	 47.0774 	 12692.3768 
0.7700 	 84.5738 	 47.7818 	 13269.4918 
0.7900 	 87.1211 	 48.6710 	 13904.3500 
0.8100 	 89.4183 	 49.4024 	 14500.2445 
0.8300 	 91.6866 	 50.1019 	 15090.9326 
0.8500 	 94.3422 	 50.9958 	 15745.0580 
0.8700 	 96.7173 	 51.7205 	 16351.5951 
0.8900 	 99.4520 	 52.6201 	 17017.6315 
0.9100 	 102.0224 	 53.4149 	 17654.0298 
0.9300 	 104.7225 	 54.2604 	 18310.6364 
0.9500 	 107.6551 	 55.2077 	 19005.6720 
0.9700 	 110.3247 	 56.0024 	 19651.4324 
0.9900 	 112.9986 	 56.7832 	 20294.1109 
1.0100 	 115.9997 	 57.7113 	 20991.6958 
1.0300 	 118.8943 	 58.5686 	 21665.9334 
1.0500 	 121.9298 	 59.4780 	 22361.3162 
1.0700 	 124.8410 	 60.3097 	 23028.8922 
1.0900 	 127.6826 	 61.0921 	 23677.9951 
1.1100 	 130.9976 	 62.0842 	 24409.2468 
1.1300 	 133.8716 	 62.8505 	 25052.3056 
1.1500 	 136.9489 	 63.6972 	 25726.8329 
1.1700 	 140.1456 	 64.5832 	 26417.0953 
1.1900 	 143.4010 	 65.4799 	 27111.5291 
1.2100 	 146.3937 	 66.2415 	 27748.9719 
1.2300 	 149.4991 	 67.0399 	 28400.1167 
1.2500 	 152.8190 	 67.9196 	 29084.2555 
1.2700 	 155.9029 	 68.6797 	 29715.4535 
1.2900 	 158.9698 	 69.4191 	 30335.1334 
1.3100 	 162.1795 	 70.2076 	 30973.6553 
1.3300 	 165.4806 	 71.0217 	 31621.0574 
1.3500 	 168.5175 	 71.7096 	 32209.2692 
1.3700 	 171.8046 	 72.4914 	 32836.4413 
1.3900 	 174.9467 	 73.1995 	 33426.9532 
1.4100 	 177.9045 	 73.8193 	 33973.2295 
1.4300 	 181.4162 	 74.6569 	 34616.1350 
1.4500 	 184.0913 	 75.1393 	 35090.2792 
1.4700 	 187.4269 	 75.8813 	 35681.1684 
1.4900 	 190.4356 	 76.4802 	 36200.5898 
1.5100 	 193.3989 	 77.0514 	 36702.2218 
1.5300 	 196.4922 	 77.6649 	 37219.3430 
1.5500 	 199.4350 	 78.2098 	 37698.8045 
1.5700 	 202.5503 	 78.8133 	 38201.7130 
1.5900 	 205.4249 	 79.3146 	 38650.1732 
1.6100 	 208.4175 	 79.8534 	 39111.8458 
1.6300 	 211.2176 	 80.3109 	 39528.5243 
1.6500 	 214.1387 	 80.8070 	 39959.0427 
1.6700 	 216.8720 	 81.2255 	 40345.8570 
1.6900 	 219.8871 	 81.7424 	 40776.4305 
1.7100 	 222.4746 	 82.0940 	 41119.2237 
1.7300 	 225.2988 	 82.5270 	 41497.4750 
1.7500 	 227.6498 	 82.7818 	 41780.5647 
1.7700 	 230.2257 	 83.1140 	 42097.1477 
1.7900 	 232.9090 	 83.4799 	 42425.5098 
1.8100 	 235.4497 	 83.7899 	 42720.1476 
1.8300 	 237.7209 	 84.0003 	 42958.5687 
1.8500 	 239.9316 	 84.1865 	 43179.0645 
1.8700 	 242.4943 	 84.4928 	 43455.8575 
1.8900 	 244.5869 	 84.6321 	 43641.5440 
1.9100 	 246.8382 	 84.8241 	 43849.0485 
1.9300 	 248.9947 	 84.9811 	 44033.3096 
1.9500 	 250.9823 	 85.0788 	 44181.6255 
1.9700 	 252.8349 	 85.1296 	 44300.4457 
1.9900 	 254.8902 	 85.2476 	 44449.1744 
2.0100 	 256.3553 	 85.1679 	 44489.7861 
2.0300 	 258.5405 	 85.3269 	 44650.1951 
2.0500 	 259.9181 	 85.2191 	 44666.1832 
2.0700 	 261.8357 	 85.2885 	 44770.3404 
2.0900 	 263.4608 	 85.2624 	 44819.7852 
2.1100 	 264.7104 	 85.1159 	 44801.3323 
2.1300 	 266.2512 	 85.0643 	 44828.3604 
2.1500 	 267.9859 	 85.0749 	 44883.9186 
2.1700 	 269.0499 	 84.8738 	 44823.5488 
2.1900 	 269.9334 	 84.6186 	 44730.4044 
2.2100 	 271.3411 	 84.5299 	 44721.1997 
2.2300 	 272.8605 	 84.4769 	 44727.0382 
2.2500 	 273.4925 	 84.1515 	 44584.8389 
2.2700 	 274.7377 	 84.0177 	 44540.3724 
2.2900 	 275.3069 	 83.6799 	 44384.2452 
2.3100 	 276.9542 	 83.6720 	 44399.5862 
2.3300 	 277.0603 	 83.2013 	 44166.0271 
2.3500 	 278.4879 	 83.1307 	 44141.5865 
2.3700 	 279.1462 	 82.8327 	 43993.2466 
2.3900 	 279.6219 	 82.4843 	 43815.1353 
2.4100 	 280.1767 	 82.1633 	 43648.5861 
2.4300 	 281.5598 	 82.0874 	 43609.4896 
2.4500 	 281.1969 	 81.5063 	 43299.2985 
2.4700 	 282.0395 	 81.2794 	 43174.6260 
2.4900 	 282.6653 	 80.9929 	 43015.8115 
2.5100 	 283.0632 	 80.6448 	 42821.8615 
2.5300 	 283.6251 	 80.3470 	 42652.3578 
2.5500 	 283.5549 	 79.8746 	 42387.9387 
2.5700 	 283.8680 	 79.5148 	 42181.2097 
2.5900 	 284.2602 	 79.1811 	 41986.2938 
2.6100 	 284.3202 	 78.7591 	 41742.6238 
2.6300 	 284.6879 	 78.4264 	 41544.5208 
2.6500 	 284.9342 	 78.0642 	 41328.9758 
2.6700 	 284.7574 	 77.5906 	 41052.8755 
2.6900 	 285.0347 	 77.2452 	 40843.0399 
2.7100 	 284.8258 	 76.7724 	 40564.4034 
2.7300 	 285.1356 	 76.4439 	 40360.5400 
2.7500 	 285.0136 	 76.0036 	 40096.3887 
2.7700 	 284.8978 	 75.5697 	 39834.3487 
2.7900 	 285.2413 	 75.2615 	 39637.4009 
2.8100 	 285.2320 	 74.8640 	 39392.2421 
2.8300 	 284.6339 	 74.3170 	 39067.4031 
2.8500 	 284.6327 	 73.9306 	 38826.1321 
2.8700 	 284.3958 	 73.4873 	 38554.0806 
2.8900 	 284.5027 	 73.1369 	 38329.9362 
2.9100 	 284.4958 	 72.7611 	 38091.5834 
2.9300 	 284.1025 	 72.2907 	 37803.0550 
2.9500 	 284.1276 	 71.9310 	 37571.7275 
2.9700 	 283.8084 	 71.4883 	 37296.3893 
2.9900 	 283.7443 	 71.1139 	 37056.1476 
3.0100 	 283.3116 	 70.6513 	 36769.4501 
3.0300 	 283.0792 	 70.2430 	 36510.5846 
3.0500 	 283.4134 	 69.9786 	 36326.0235 
3.0700 	 282.8805 	 69.5038 	 36031.8007 
3.0900 	 282.5457 	 69.0821 	 35764.8084 
3.1100 	 282.0879 	 68.6345 	 35484.2256 
3.1300 	 281.9267 	 68.2631 	 35242.7602 
3.1500 	 281.6045 	 67.8565 	 34982.8918 
3.1700 	 281.4266 	 67.4884 	 34742.6773 
3.1900 	 280.7899 	 67.0143 	 34447.8126 
3.2100 	 281.0433 	 66.7561 	 34263.7963 
3.2300 	 280.5428 	 66.3222 	 33989.4002 
3.2500 	 279.9468 	 65.8698 	 33705.6315 
3.2700 	 279.7741 	 65.5209 	 33474.7586 
3.2900 	 279.5525 	 65.1637 	 33239.6943 
3.3100 	 278.8313 	 64.6940 	 32947.2908 
3.3300 	 278.9129 	 64.4141 	 32751.5699 
3.3500 	 278.4324 	 64.0074 	 32491.4969 
3.3700 	 277.9165 	 63.5964 	 32229.3680 
3.3900 	 277.4061 	 63.1905 	 31969.9795 
3.4100 	 277.3437 	 62.8897 	 31763.9845 
3.4300 	 276.8723 	 62.4994 	 31512.8657 
3.4500 	 276.2953 	 62.0888 	 31251.8186 
3.4700 	 276.3654 	 61.8267 	 31065.6663 
3.4900 	 275.6101 	 61.3831 	 30788.5387 
3.5100 	 275.3369 	 61.0503 	 30567.3128 
3.5300 	 274.7653 	 60.6546 	 30314.8728 
3.5500 	 274.4534 	 60.3194 	 30093.0055 
3.5700 	 274.0497 	 59.9671 	 29862.8670 
3.5900 	 273.6171 	 59.6116 	 29631.4590 
3.6100 	 273.1198 	 59.2451 	 29394.9606 
3.6300 	 272.7242 	 58.9037 	 29171.3019 
3.6500 	 272.3317 	 58.5659 	 28949.7776 
3.6700 	 271.9231 	 58.2276 	 28728.3539 
3.6900 	 271.6007 	 57.9106 	 28517.7845 
3.7100 	 271.0388 	 57.5454 	 28283.9119 
3.7300 	 270.5207 	 57.1925 	 28056.5606 
3.7500 	 270.4008 	 56.9265 	 27872.1563 
3.7700 	 269.9231 	 56.5876 	 27652.5020 
3.7900 	 269.3503 	 56.2318 	 27425.0011 
3.8100 	 268.7697 	 55.8773 	 27198.6526 
3.8300 	 268.6895 	 55.6293 	 27024.5656 
3.8500 	 268.2309 	 55.3053 	 26813.9627 
3.8700 	 267.4088 	 54.9094 	 26569.0089 
3.8900 	 267.4607 	 54.6954 	 26412.5459 
3.9100 	 266.8574 	 54.3498 	 26192.8990 
3.9300 	 266.1939 	 53.9947 	 25969.2813 
3.9500 	 265.9294 	 53.7231 	 25786.3045 
3.9700 	 265.4958 	 53.4197 	 25588.5032 
3.9900 	 264.8115 	 53.0684 	 25368.3307 
4.0100 	 264.3668 	 52.7678 	 25172.9106 
4.0300 	 264.0726 	 52.4995 	 24993.3827 
4.0500 	 263.3884 	 52.1561 	 24778.6239 
4.0700 	 263.1919 	 51.9116 	 24611.3464 
4.0900 	 262.3149 	 51.5353 	 24382.1553 
4.1100 	 261.9489 	 51.2620 	 24202.2391 
4.1300 	 261.4812 	 50.9710 	 24014.4772 
4.1500 	 260.9970 	 50.6790 	 23826.8041 
4.1700 	 260.7670 	 50.4385 	 23663.7850 
4.1900 	 259.9104 	 50.0791 	 23445.5593 
4.2100 	 259.4035 	 49.7895 	 23260.6568 
4.2300 	 258.9102 	 49.5048 	 23078.5440 
4.2500 	 258.5728 	 49.2520 	 22911.7932 
4.2700 	 257.9486 	 48.9466 	 22721.1607 
4.2900 	 257.8243 	 48.7380 	 22575.9554 
4.3100 	 256.9852 	 48.3965 	 22369.6716 
4.3300 	 256.6702 	 48.1558 	 22210.5903 
4.3500 	 255.9657 	 47.8441 	 22019.3000 
4.3700 	 255.5384 	 47.5863 	 21853.4141 
4.3900 	 254.8050 	 47.2737 	 21662.8915 
4.4100 	 254.2826 	 47.0023 	 21491.8910 
4.4300 	 253.7162 	 46.7249 	 21318.6607 
4.4500 	 253.4941 	 46.5127 	 21175.6771 
4.4700 	 252.9032 	 46.2346 	 21003.2202 
4.4900 	 252.1273 	 45.9248 	 20816.9761 
4.5100 	 251.5940 	 45.6613 	 20652.2993 
4.5300 	 251.4267 	 45.4659 	 20518.9025 
4.5500 	 250.8098 	 45.1909 	 20350.0767 
4.5700 	 250.2103 	 44.9211 	 20184.1243 
4.5900 	 249.5776 	 44.6472 	 20016.9409 
4.6100 	 249.4372 	 44.4630 	 19890.4648 
4.6300 	 248.7983 	 44.1915 	 19725.4538 
4.6500 	 248.0743 	 43.9070 	 19555.1623 
4.6700 	 247.2438 	 43.6056 	 19378.0257 
4.6900 	 246.9804 	 43.4061 	 19246.6620 
4.7100 	 246.5466 	 43.1780 	 19103.1486 
4.7300 	 246.1967 	 42.9663 	 18967.2984 
4.7500 	 245.2150 	 42.6461 	 18784.1661 
4.7700 	 245.0115 	 42.4630 	 18661.9672 
4.7900 	 244.4844 	 42.2253 	 18516.2207 
4.8100 	 243.5935 	 41.9266 	 18344.3152 
4.8300 	 243.3614 	 41.7430 	 18223.2827 
4.8500 	 242.7682 	 41.4988 	 18076.3159 
4.8700 	 242.3625 	 41.2883 	 17944.4982 
4.8900 	 241.6851 	 41.0331 	 17793.7609 
4.9100 	 241.1747 	 40.8079 	 17656.5545 
4.9300 	 240.4306 	 40.5448 	 17503.4887 
4.9500 	 240.0701 	 40.3479 	 17379.5306 
4.9700 	 239.3331 	 40.0893 	 17229.4811 
4.9900 	 238.8992 	 39.8830 	 17102.4295 
5.0100 	 238.2675 	 39.6452 	 16962.3536 
5.0300 	 237.9164 	 39.4555 	 16843.3353 
5.0500 	 237.1636 	 39.2006 	 16697.0057 
5.0700 	 236.7161 	 38.9977 	 16573.3237 
5.0900 	 236.1672 	 38.7795 	 16443.5953 
5.1100 	 235.4887 	 38.5415 	 16305.9891 
5.1300 	 234.8294 	 38.3082 	 16170.8883 
5.1500 	 234.3793 	 38.1105 	 16051.2629 
5.1700 	 233.7677 	 37.8878 	 15921.6233 
5.1900 	 233.3063 	 37.6908 	 15803.2601 
5.2100 	 232.6423 	 37.4625 	 15672.2136 
5.2300 	 231.9824 	 37.2363 	 15542.5632 
5.2500 	 231.4250 	 37.0280 	 15420.8456 
5.2700 	 230.9881 	 36.8402 	 15308.1328 
5.2900 	 230.1788 	 36.5944 	 15171.7916 
5.3100 	 229.5847 	 36.3843 	 15050.7343 
5.3300 	 229.2469 	 36.2159 	 14947.4007 
5.3500 	 228.4042 	 35.9692 	 14812.1541 
5.3700 	 227.7506 	 35.7536 	 14690.2736 
5.3900 	 227.3542 	 35.5797 	 14585.9182 
5.4100 	 226.6517 	 35.3591 	 14462.8766 
5.4300 	 226.0498 	 35.1555 	 14347.2577 
5.4500 	 225.5527 	 34.9694 	 14239.2159 
5.4700 	 225.0994 	 34.7912 	 14134.8110 
5.4900 	 224.4289 	 34.5807 	 14017.6915 
5.5100 	 223.6709 	 34.3580 	 13896.1123 
5.5300 	 222.9339 	 34.1400 	 13776.8658 
5.5500 	 222.3946 	 33.9534 	 13670.7756 
5.5700 	 221.6955 	 33.7436 	 13555.7929 
5.5900 	 221.0520 	 33.5435 	 13445.1473 
5.6100 	 220.4470 	 33.3505 	 13337.7597 
5.6300 	 219.9358 	 33.1728 	 13236.8993 
5.6500 	 219.3492 	 32.9848 	 13132.3468 
5.6700 	 218.6726 	 32.7845 	 13023.2885 
5.6900 	 218.3882 	 32.6440 	 12938.3783 
5.7100 	 217.2811 	 32.3817 	 12805.6348 
5.7300 	 216.6703 	 32.1947 	 12703.1494 
5.7500 	 216.1347 	 32.0200 	 12605.8861 
5.7700 	 215.4727 	 31.8276 	 12502.0785 
5.7900 	 215.1930 	 31.6926 	 12421.1933 
5.8100 	 214.1973 	 31.4533 	 12299.8183 
5.8300 	 213.6285 	 31.2780 	 12203.8687 
5.8500 	 213.0678 	 31.1048 	 12109.1543 
5.8700 	 212.2314 	 30.8925 	 11999.6230 
5.8900 	 211.7473 	 30.7326 	 11910.8255 
5.9100 	 211.3452 	 30.5854 	 11827.3184 
5.9300 	 210.2663 	 30.3415 	 11706.7938 
5.9500 	 209.7903 	 30.1857 	 11620.6931 
5.9700 	 209.4423 	 30.0491 	 11542.3282 
5.9900 	 208.3397 	 29.8054 	 11423.1963 
6.0100 	 207.8061 	 29.6442 	 11336.1190 
6.0300 	 207.2723 	 29.4840 	 11249.7301 
6.0500 	 206.5293 	 29.2949 	 11152.7314 
6.0700 	 205.8762 	 29.1197 	 11061.3610 
6.0900 	 205.2196 	 28.9449 	 10970.5415 
6.1100 	 204.4779 	 28.7592 	 10875.9282 
6.1300 	 203.9102 	 28.5989 	 10791.3026 
6.1500 	 203.2770 	 28.4303 	 10703.9005 
6.1700 	 202.6617 	 28.2652 	 10618.1376 
6.1900 	 202.0815 	 28.1059 	 10534.8962 
6.2100 	 201.1878 	 27.9040 	 10436.0512 
6.2300 	 200.5428 	 27.7376 	 10350.8600 
6.2500 	 199.8789 	 27.5695 	 10265.3852 
6.2700 	 199.4398 	 27.4333 	 10192.0784 
6.2900 	 198.5197 	 27.2318 	 10094.8855 
6.3100 	 198.0792 	 27.0970 	 10022.7596 
6.3300 	 197.3609 	 26.9251 	 9937.2017 
6.3500 	 196.5318 	 26.7390 	 9846.7824 
6.3700 	 195.9821 	 26.5919 	 9771.0316 
6.3900 	 195.3883 	 26.4395 	 9693.6829 
6.4100 	 194.8492 	 26.2954 	 9619.6502 
6.4300 	 194.1166 	 26.1261 	 9536.6851 
6.4500 	 193.3425 	 25.9520 	 9452.3565 
6.4700 	 192.5398 	 25.7751 	 9367.3141 
6.4900 	 192.0225 	 25.6372 	 9296.7745 
6.5100 	 191.3257 	 25.4761 	 9218.1369 
6.5300 	 190.7884 	 25.3371 	 9147.7678 
6.5500 	 189.8767 	 25.1492 	 9060.0761 
6.5700 	 189.3545 	 25.0138 	 8991.5994 
6.5900 	 188.6382 	 24.8535 	 8914.4734 
6.6100 	 188.0114 	 24.7058 	 8842.1678 
6.6300 	 187.1976 	 24.5344 	 8761.6789 
6.6500 	 186.5780 	 24.3893 	 8690.8753 
6.6700 	 185.9156 	 24.2393 	 8618.6432 
6.6900 	 185.3182 	 24.0986 	 8549.9735 
6.7100 	 184.5678 	 23.9388 	 8474.8109 
6.7300 	 184.0299 	 23.8072 	 8409.9521 
6.7500 	 183.3471 	 23.6577 	 8339.0025 
6.7700 	 182.6584 	 23.5082 	 8268.3378 
6.7900 	 181.8471 	 23.3437 	 8192.7047 
6.8100 	 181.1053 	 23.1889 	 8120.7845 
6.8300 	 180.5482 	 23.0585 	 8057.6718 
6.8500 	 179.8060 	 22.9052 	 7986.8198 
6.8700 	 179.2179 	 22.7723 	 7923.3371 
6.8900 	 178.6112 	 22.6377 	 7859.5205 
6.9100 	 177.7519 	 22.4718 	 7785.1285 
6.9300 	 177.2453 	 22.3512 	 7726.7030 
6.9500 	 176.6134 	 22.2155 	 7663.2779 
6.9700 	 175.6857 	 22.0434 	 7587.5658 
6.9900 	 175.2184 	 21.9297 	 7532.2464 
7.0100 	 174.6647 	 21.8058 	 7473.6413 
7.0300 	 173.8408 	 21.6489 	 7403.9704 
7.0500 	 173.2170 	 21.5176 	 7343.3278 
7.0700 	 172.4232 	 21.3659 	 7275.9739 
7.0900 	 171.6579 	 21.2185 	 7210.3409 
7.1100 	 171.2949 	 21.1214 	 7162.0380 
7.1300 	 170.3963 	 20.9590 	 7091.7920 
7.1500 	 169.9485 	 20.8526 	 7040.7712 
7.1700 	 169.2599 	 20.7172 	 6980.1959 
7.1900 	 168.7496 	 20.6043 	 6927.4020 
7.2100 	 167.7832 	 20.4364 	 6856.3630 
7.2300 	 167.2810 	 20.3258 	 6804.7664 
7.2500 	 166.4431 	 20.1749 	 6739.9526 
7.2700 	 165.8773 	 20.0577 	 6686.6136 
7.2900 	 165.2669 	 19.9357 	 6631.8790 
7.3100 	 164.4441 	 19.7887 	 6569.0728 
7.3300 	 163.8527 	 19.6702 	 6515.9489 
7.3500 	 163.3868 	 19.5673 	 6468.1919 
7.3700 	 162.5603 	 19.4218 	 6406.5723 
7.3900 	 161.9086 	 19.2978 	 6352.2800 
7.4100 	 161.2846 	 19.1777 	 6299.4793 
7.4300 	 160.6413 	 19.0559 	 6246.3220 
7.4500 	 160.0550 	 18.9414 	 6195.7701 
7.4700 	 159.2865 	 18.8060 	 6138.5683 
7.4900 	 158.6609 	 18.6880 	 6087.2819 
7.5100 	 158.0913 	 18.5771 	 6038.5194 
7.5300 	 157.4817 	 18.4621 	 5988.5917 
7.5500 	 156.6747 	 18.3245 	 5931.5614 
7.5700 	 156.0113 	 18.2044 	 5880.3744 
7.5900 	 155.4970 	 18.1021 	 5835.1640 
7.6100 	 154.7634 	 17.9748 	 5782.0874 
7.6300 	 154.1296 	 17.8597 	 5733.1212 
7.6500 	 153.5880 	 17.7558 	 5687.9315 
7.6700 	 152.7689 	 17.6204 	 5632.8375 
7.6900 	 152.1416 	 17.5077 	 5585.2016 
7.7100 	 151.6400 	 17.4099 	 5542.5103 
7.7300 	 151.0642 	 17.3040 	 5497.4225 
7.7500 	 150.2365 	 17.1699 	 5443.5368 
7.7700 	 149.6929 	 17.0687 	 5400.3058 
7.7900 	 148.9941 	 16.9504 	 5351.8130 
7.8100 	 148.5441 	 16.8609 	 5312.5771 
7.8300 	 147.9640 	 16.7570 	 5268.9840 
7.8500 	 147.2811 	 16.6419 	 5222.0614 
7.8700 	 146.6268 	 16.5306 	 5176.4958 
7.8900 	 146.0257 	 16.4258 	 5133.1279 
7.9100 	 145.3026 	 16.3078 	 5085.8090 
7.9300 	 144.7138 	 16.2053 	 5043.5151 
7.9500 	 144.0230 	 16.0920 	 4997.9895 
7.9700 	 143.5653 	 16.0051 	 4960.8508 
7.9900 	 142.8220 	 15.8868 	 4914.1445 
8.0100 	 142.1965 	 15.7821 	 4871.8187 
8.0300 	 141.5910 	 15.6801 	 4830.4787 
8.0500 	 141.0357 	 15.5841 	 4791.1441 
8.0700 	 140.4022 	 15.4799 	 4749.4450 
8.0900 	 139.7927 	 15.3787 	 4708.8513 
8.1100 	 139.2226 	 15.2824 	 4669.8740 
8.1300 	 138.5531 	 15.1756 	 4627.8513 
8.1500 	 137.9899 	 15.0809 	 4589.6677 
8.1700 	 137.3215 	 14.9751 	 4548.2726 
8.1900 	 136.6199 	 14.8662 	 4506.0791 
8.2100 	 136.1333 	 14.7810 	 4471.2512 
8.2300 	 135.4606 	 14.6761 	 4430.5801 
8.2500 	 134.9733 	 14.5917 	 4396.2418 
8.2700 	 134.3278 	 14.4906 	 4357.0081 
8.2900 	 133.8197 	 14.4047 	 4322.4953 
8.3100 	 133.2518 	 14.3128 	 4286.2980 
8.3300 	 132.3879 	 14.1895 	 4240.8746 
8.3500 	 131.9469 	 14.1120 	 4209.2738 
8.3700 	 131.2889 	 14.0116 	 4170.9968 
8.3900 	 130.7615 	 13.9256 	 4137.1242 
8.4100 	 130.1967 	 13.8360 	 4102.3080 
8.4300 	 129.7881 	 13.7633 	 4072.6359 
8.4500 	 128.9691 	 13.6475 	 4030.3418 
8.4700 	 128.5272 	 13.5720 	 4000.0896 
8.4900 	 128.0019 	 13.4881 	 3967.4579 
8.5100 	 127.4374 	 13.4004 	 3933.8457 
8.5300 	 126.8173 	 13.3072 	 3898.7528 
8.5500 	 126.2321 	 13.2180 	 3864.9780 
8.5700 	 125.6961 	 13.1344 	 3832.9396 
8.5900 	 125.1245 	 13.0474 	 3800.0397 
8.6100 	 124.3460 	 12.9392 	 3761.1116 
8.6300 	 123.9221 	 12.8683 	 3733.1423 
8.6500 	 123.4911 	 12.7970 	 3705.1487 
8.6700 	 122.6661 	 12.6852 	 3665.5680 
8.6900 	 122.1918 	 12.6101 	 3636.7096 
8.7100 	 121.7465 	 12.5383 	 3608.9083 
8.7300 	 120.9991 	 12.4357 	 3572.3730 
8.7500 	 120.5904 	 12.3682 	 3546.0578 
8.7700 	 119.8818 	 12.2704 	 3511.1334 
8.7900 	 119.3200 	 12.1879 	 3480.7340 
8.8100 	 118.8455 	 12.1147 	 3453.0837 
8.8300 	 118.2339 	 12.0279 	 3421.6501 
8.8500 	 117.8403 	 11.9635 	 3396.7168 
8.8700 	 117.1643 	 11.8708 	 3363.8439 
8.8900 	 116.6356 	 11.7933 	 3335.4106 
8.9100 	 116.1790 	 11.7234 	 3309.2207 
8.9300 	 115.4897 	 11.6304 	 3276.6082 
8.9500 	 115.1482 	 11.5727 	 3254.0499 
8.9700 	 114.4533 	 11.4798 	 3221.6881 
8.9900 	 113.9781 	 11.4092 	 3195.7125 
9.0100 	 113.4046 	 11.3291 	 3167.1676 
9.0300 	 112.8698 	 11.2532 	 3139.8901 
9.0500 	 112.4479 	 11.1888 	 3115.9254 
9.0700 	 111.9049 	 11.1127 	 3088.7782 
9.0900 	 111.3781 	 11.0385 	 3062.2594 
9.1100 	 110.7796 	 10.9574 	 3033.9533 
9.1300 	 110.3057 	 10.8890 	 3009.2395 
9.1500 	 109.7431 	 10.8121 	 2982.2805 
9.1700 	 109.2885 	 10.7462 	 2958.4273 
9.1900 	 108.8147 	 10.6786 	 2934.2111 
9.2100 	 108.2796 	 10.6053 	 2908.5119 
9.2300 	 107.7520 	 10.5329 	 2883.1837 
9.2500 	 107.1227 	 10.4510 	 2855.3139 
9.2700 	 106.6851 	 10.3880 	 2832.7228 
9.2900 	 106.2225 	 10.3229 	 2809.6198 
9.3100 	 105.5830 	 10.2408 	 2782.0064 
9.3300 	 105.2224 	 10.1861 	 2761.8999 
9.3500 	 104.5974 	 10.1060 	 2735.0124 
9.3700 	 104.1153 	 10.0400 	 2712.0242 
9.3900 	 103.6760 	 9.9784 	 2690.3007 
9.4100 	 103.1473 	 9.9085 	 2666.4068 
9.4300 	 102.5940 	 9.8364 	 2642.0357 
9.4500 	 102.0726 	 9.7677 	 2618.6484 
9.4700 	 101.5631 	 9.7004 	 2595.7184 
9.4900 	 101.1707 	 9.6445 	 2575.9190 
9.5100 	 100.6982 	 9.5812 	 2554.2170 
9.5300 	 100.1993 	 9.5156 	 2531.9882 
9.5500 	 99.6303 	 9.4436 	 2508.1410 
9.5700 	 99.2500 	 9.3898 	 2489.1831 
9.5900 	 98.6025 	 9.3109 	 2463.6724 
9.6100 	 98.3033 	 9.2652 	 2447.0007 
9.6300 	 97.6893 	 9.1900 	 2422.6265 
9.6500 	 97.2770 	 9.1340 	 2403.3968 
9.6700 	 96.8082 	 9.0729 	 2382.8989 
9.6900 	 96.2862 	 9.0071 	 2361.2292 
9.7100 	 95.8951 	 8.9538 	 2342.8987 
9.7300 	 95.3080 	 8.8824 	 2319.9157 
9.7500 	 94.8682 	 8.8250 	 2300.6564 
9.7700 	 94.4092 	 8.7659 	 2281.0536 
9.7900 	 94.0227 	 8.7139 	 2263.3240 
9.8100 	 93.5636 	 8.6553 	 2243.9664 
9.8300 	 93.0167 	 8.5888 	 2222.6345 
9.8500 	 92.6356 	 8.5378 	 2205.3866 
9.8700 	 92.1611 	 8.4785 	 2186.0353 
9.8900 	 91.6692 	 8.4177 	 2166.3936 
9.9100 	 91.2128 	 8.3605 	 2147.7172 
9.9300 	 90.6207 	 8.2910 	 2125.9745 
9.9500 	 90.3391 	 8.2501 	 2111.6329 
9.9700 	 89.8057 	 8.1865 	 2091.5131 
9.9900 	 89.3802 	 8.1329 	 2074.0286 
10.0100 	 88.8230 	 8.0675 	 2053.6072 
10.0300 	 88.3586 	 8.0107 	 2035.4567 
10.0500 	 88.0259 	 7.9661 	 2020.4452 
10.0700 	 87.5131 	 7.9054 	 2001.4088 
10.0900 	 87.0971 	 7.8537 	 1984.6971 
10.1100 	 86.6189 	 7.7965 	 1966.6793 
10.1300 	 86.1748 	 7.7426 	 1949.5478 
10.1500 	 85.7873 	 7.6939 	 1933.8001 
10.1700 	 85.2959 	 7.6362 	 1915.8182 
10.1900 	 84.8579 	 7.5834 	 1899.1441 
10.2100 	 84.5220 	 7.5399 	 1884.8512 
10.2300 	 84.0778 	 7.4869 	 1868.2402 
10.2500 	 83.6059 	 7.4316 	 1851.1201 
10.2700 	 83.1535 	 7.3783 	 1834.5397 
10.2900 	 82.7577 	 7.3302 	 1819.3060 
10.3100 	 82.3729 	 7.2832 	 1804.4072 
10.3300 	 81.8797 	 7.2268 	 1787.2365 
10.3500 	 81.6093 	 7.1902 	 1775.0179 
10.3700 	 81.0958 	 7.1324 	 1757.6057 
10.3900 	 80.6423 	 7.0801 	 1741.5969 
10.4100 	 80.2366 	 7.0321 	 1726.7186 
10.4300 	 79.7254 	 6.9751 	 1709.6686 
10.4500 	 79.3925 	 6.9338 	 1696.5381 
10.4700 	 79.0035 	 6.8878 	 1682.2896 
10.4900 	 78.5270 	 6.8344 	 1666.2740 
10.5100 	 78.0872 	 6.7843 	 1651.1342 
10.5300 	 77.6998 	 6.7389 	 1637.1924 
10.5500 	 77.3235 	 6.6947 	 1623.5690 
10.5700 	 76.8692 	 6.6438 	 1608.3986 
10.5900 	 76.4233 	 6.5939 	 1593.4944 
10.6100 	 75.9924 	 6.5454 	 1578.9947 
10.6300 	 75.7061 	 6.5096 	 1567.5808 
10.6500 	 75.2185 	 6.4565 	 1552.0787 
10.6700 	 74.8609 	 6.4148 	 1539.3458 
10.6900 	 74.4543 	 6.3691 	 1525.6866 
10.7100 	 74.0714 	 6.3255 	 1512.5966 
10.7300 	 73.6954 	 6.2826 	 1499.7236 
10.7500 	 73.3346 	 6.2412 	 1487.2384 
10.7700 	 72.8906 	 6.1929 	 1473.1477 
10.7900 	 72.4839 	 6.1479 	 1459.8941 
10.8100 	 72.1195 	 6.1066 	 1447.5694 
10.8300 	 71.6329 	 6.0552 	 1432.8757 
10.8500 	 71.3133 	 6.0180 	 1421.6014 
10.8700 	 70.9121 	 5.9741 	 1408.7728 
10.8900 	 70.5112 	 5.9303 	 1396.0281 
10.9100 	 70.1322 	 5.8885 	 1383.7918 
10.9300 	 69.7406 	 5.8458 	 1371.3831 
10.9500 	 69.3691 	 5.8049 	 1359.4411 
10.9700 	 68.9713 	 5.7620 	 1347.0590 
10.9900 	 68.6438 	 5.7251 	 1336.1188 
11.0100 	 68.1768 	 5.6767 	 1322.5375 
11.0300 	 67.7804 	 5.6343 	 1310.4044 
11.0500 	 67.4330 	 5.5961 	 1299.2885 
11.0700 	 67.0422 	 5.5545 	 1287.4050 
11.0900 	 66.6816 	 5.5154 	 1276.1699 
11.1100 	 66.2738 	 5.4726 	 1264.1011 
11.1300 	 65.9027 	 5.4330 	 1252.8044 
11.1500 	 65.4319 	 5.3853 	 1239.6855 
11.1700 	 65.2079 	 5.3581 	 1231.3055 
11.1900 	 64.8027 	 5.3161 	 1219.5643 
11.2100 	 64.3762 	 5.2724 	 1207.4927 
11.2300 	 64.1241 	 5.2432 	 1198.7534 
11.2500 	 63.6437 	 5.1954 	 1185.8124 
11.2700 	 63.3395 	 5.1621 	 1176.2216 
11.2900 	 63.0297 	 5.1285 	 1166.5810 
11.3100 	 62.5917 	 5.0846 	 1154.6342 
11.3300 	 62.2364 	 5.0476 	 1144.2789 
11.3500 	 61.9125 	 5.0132 	 1134.5583 
11.3700 	 61.5334 	 4.9744 	 1123.8870 
11.3900 	 61.1948 	 4.9390 	 1114.0172 
11.4100 	 60.8323 	 4.9019 	 1103.7702 
11.4300 	 60.4206 	 4.8609 	 1092.6953 
11.4500 	 59.9921 	 4.8186 	 1081.3814 
11.4700 	 59.7061 	 4.7880 	 1072.6968 
11.4900 	 59.3614 	 4.7527 	 1063.0102 
11.5100 	 58.9287 	 4.7105 	 1051.8086 
11.5300 	 58.6351 	 4.6796 	 1043.1499 
11.5500 	 58.2734 	 4.6433 	 1033.3322 
11.5700 	 57.9820 	 4.6127 	 1024.8150 
11.5900 	 57.5838 	 4.5738 	 1014.4650 
11.6100 	 57.2886 	 4.5431 	 1005.9851 
11.6300 	 56.8988 	 4.5051 	 995.8974 
11.6500 	 56.5385 	 4.4694 	 986.3835 
11.6700 	 56.1867 	 4.4346 	 977.0719 
11.6900 	 55.8602 	 4.4019 	 968.2546 
11.7100 	 55.4812 	 4.3652 	 958.5800 
11.7300 	 55.2114 	 4.3371 	 950.8434 
11.7500 	 54.8331 	 4.3006 	 941.2880 
11.7700 	 54.4710 	 4.2655 	 932.0649 
11.7900 	 54.1759 	 4.2358 	 924.0391 
11.8100 	 53.8585 	 4.2044 	 915.6790 
11.8300 	 53.4491 	 4.1659 	 905.8087 
11.8500 	 53.1204 	 4.1339 	 897.3582 
11.8700 	 52.8027 	 4.1028 	 889.1422 
11.8900 	 52.4446 	 4.0686 	 880.2942 
11.9100 	 52.1010 	 4.0357 	 871.7397 
11.9300 	 51.8000 	 4.0062 	 863.9469 
11.9500 	 51.4440 	 3.9725 	 855.2813 
11.9700 	 51.1063 	 3.9403 	 846.9707 
11.9900 	 50.7478 	 3.9067 	 838.3629 
12.0100 	 50.4227 	 3.8757 	 830.3565 
12.0300 	 50.1334 	 3.8475 	 822.9811 
12.0500 	 49.7443 	 3.8118 	 814.0165 
12.0700 	 49.4631 	 3.7845 	 806.8629 
12.0900 	 49.1252 	 3.7529 	 798.8259 
12.1100 	 48.7783 	 3.7207 	 790.6915 
12.1300 	 48.4095 	 3.6869 	 782.2484 
12.1500 	 48.0502 	 3.6540 	 774.0063 
12.1700 	 47.7691 	 3.6271 	 767.0675 
12.1900 	 47.4733 	 3.5992 	 759.9323 
12.2100 	 47.1122 	 3.5664 	 751.7940 
12.2300 	 46.8342 	 3.5400 	 745.0266 
12.2500 	 46.6293 	 3.5192 	 739.4546 
12.2700 	 46.0983 	 3.4739 	 728.7572 
12.2900 	 45.8508 	 3.4500 	 722.5911 
12.3100 	 45.5180 	 3.4198 	 715.1192 
12.3300 	 45.1864 	 3.3898 	 707.7073 
12.3500 	 44.8667 	 3.3608 	 700.5236 
12.3700 	 44.6824 	 3.3420 	 695.4878 
12.3900 	 44.2035 	 3.3012 	 685.9093 
12.4100 	 43.9226 	 3.2754 	 679.4471 
12.4300 	 43.5927 	 3.2459 	 672.2660 
12.4500 	 43.3308 	 3.2216 	 666.1704 
12.4700 	 42.9578 	 3.1891 	 658.4054 
12.4900 	 42.6511 	 3.1617 	 651.6985 
12.5100 	 42.3962 	 3.1381 	 645.8165 
12.5300 	 42.0043 	 3.1045 	 637.8875 
12.5500 	 41.6696 	 3.0752 	 630.8697 
12.5700 	 41.2960 	 3.0432 	 623.3036 
12.5900 	 41.1017 	 3.0244 	 618.4774 
12.6100 	 40.7980 	 2.9977 	 612.0379 
12.6300 	 40.4916 	 2.9708 	 605.5925 
12.6500 	 40.2078 	 2.9456 	 599.5204 
12.6700 	 39.7719 	 2.9094 	 591.2206 
12.6900 	 39.5989 	 2.8925 	 586.8639 
12.7100 	 39.1769 	 2.8575 	 578.8521 
12.7300 	 38.8641 	 2.8306 	 572.4928 
12.7500 	 38.5792 	 2.8058 	 566.5792 
12.7700 	 38.2528 	 2.7780 	 560.0911 
12.7900 	 37.9296 	 2.7505 	 553.6853 
12.8100 	 37.6608 	 2.7271 	 548.1074 
12.8300 	 37.3385 	 2.6998 	 541.7829 
12.8500 	 37.0417 	 2.6745 	 535.8628 
12.8700 	 36.6923 	 2.6454 	 529.2170 
12.8900 	 36.3311 	 2.6156 	 522.4383 
12.9100 	 36.1345 	 2.5977 	 518.0567 
12.9300 	 35.8561 	 2.5740 	 512.5303 
12.9500 	 35.4366 	 2.5403 	 505.0221 
12.9700 	 35.1093 	 2.5132 	 498.8669 
12.9900 	 34.8489 	 2.4910 	 493.6932 
13.0100 	 34.5607 	 2.4669 	 488.1551 
13.0300 	 34.2243 	 2.4394 	 481.9687 
13.0500 	 33.9381 	 2.4155 	 476.5202 
13.0700 	 33.6391 	 2.3908 	 470.9233 
13.0900 	 33.3023 	 2.3635 	 464.8286 
13.1100 	 33.0462 	 2.3420 	 459.8921 
13.1300 	 32.6827 	 2.3130 	 453.4911 
13.1500 	 32.4357 	 2.2923 	 448.7363 
13.1700 	 32.1986 	 2.2723 	 444.1450 
13.1900 	 31.7988 	 2.2409 	 437.3403 
13.2100 	 31.4868 	 2.2158 	 431.7780 
13.2300 	 31.0898 	 2.1848 	 425.0827 
13.2500 	 30.9038 	 2.1687 	 421.3023 
13.2700 	 30.6022 	 2.1445 	 415.9698 
13.2900 	 30.2701 	 2.1183 	 410.2527 
13.3100 	 29.8673 	 2.0872 	 403.6125 
13.3300 	 29.5770 	 2.0640 	 398.5232 
13.3500 	 29.3415 	 2.0447 	 394.1993 
13.3700 	 29.0109 	 2.0189 	 388.6241 
13.3900 	 28.6916 	 1.9939 	 383.2299 
13.4100 	 28.3714 	 1.9689 	 377.8532 
13.4300 	 28.0724 	 1.9454 	 372.7876 
13.4500 	 27.7618 	 1.9212 	 367.5958 
13.4700 	 27.5025 	 1.9007 	 363.1099 
13.4900 	 27.1488 	 1.8736 	 357.4052 
13.5100 	 26.8481 	 1.8503 	 352.4270 
13.5300 	 26.5391 	 1.8265 	 347.3662 
13.5500 	 26.1820 	 1.7994 	 341.7061 
13.5700 	 25.9375 	 1.7802 	 337.5421 
13.5900 	 25.6139 	 1.7556 	 332.3740 
13.6100 	 25.2904 	 1.7310 	 327.2354 
13.6300 	 25.0078 	 1.7094 	 322.6517 
13.6500 	 24.6937 	 1.6856 	 317.6883 
13.6700 	 24.3601 	 1.6605 	 312.4998 
13.6900 	 23.9488 	 1.6303 	 306.3476 
13.7100 	 23.6571 	 1.6082 	 301.7532 
13.7300 	 23.3776 	 1.5871 	 297.3393 
13.7500 	 23.0808 	 1.5648 	 292.7289 
13.7700 	 22.6861 	 1.5360 	 286.9052 
13.7900 	 22.4458 	 1.5176 	 283.0615 
13.8100 	 22.0821 	 1.4910 	 277.6857 
13.8300 	 21.6566 	 1.4603 	 271.5633 
13.8500 	 21.4060 	 1.4415 	 267.6618 
13.8700 	 21.0429 	 1.4151 	 262.3786 
13.8900 	 20.6361 	 1.3859 	 256.5804 
13.9100 	 20.3641 	 1.3658 	 252.4849 
13.9300 	 20.0275 	 1.3414 	 247.6136 
13.9500 	 19.6633 	 1.3153 	 242.4274 
13.9700 	 19.2869 	 1.2884 	 237.1190 
13.9900 	 18.9498 	 1.2642 	 232.3206 
14.0100 	 18.6001 	 1.2392 	 227.3951 
14.0300 	 18.2064 	 1.2113 	 221.9581 
14.0500 	 17.8148 	 1.1837 	 216.5775 
14.0700 	 17.4664 	 1.1590 	 211.7491 
14.0900 	 17.0752 	 1.1316 	 206.4290 
14.1100 	 16.7015 	 1.1053 	 201.3486 
14.1300 	 16.3498 	 1.0806 	 196.5608 
14.1500 	 15.9318 	 1.0516 	 191.0033 
14.1700 	 15.5748 	 1.0267 	 186.2050 
14.1900 	 15.1511 	 0.9974 	 180.6368 
14.2100 	 14.7349 	 0.9688 	 175.1882 
14.2300 	 14.3378 	 0.9414 	 169.9954 
14.2500 	 13.9218 	 0.9129 	 164.6067 
14.2700 	 13.5066 	 0.8845 	 159.2575 
14.2900 	 13.1295 	 0.8587 	 154.3841 
14.3100 	 12.6429 	 0.8258 	 148.2526 
14.3300 	 12.1617 	 0.7933 	 142.2179 
14.3500 	 11.6778 	 0.7608 	 136.1839 
14.3700 	 11.1471 	 0.7253 	 129.6386 
14.3900 	 10.5663 	 0.6866 	 122.5470 
14.4100 	 9.9919 	 0.6484 	 115.5673 
14.4300 	 9.3897 	 0.6085 	 108.3058 
14.4500 	 8.7528 	 0.5665 	 100.6838 
14.4700 	 8.1028 	 0.5238 	 92.9519 
14.4900 	 7.4081 	 0.4782 	 84.7504 
14.5100 	 6.7430 	 0.4348 	 76.9323 
14.5300 	 6.0148 	 0.3873 	 68.4369 
14.5500 	 5.2132 	 0.3353 	 59.1555 
14.5700 	 4.2922 	 0.2757 	 48.5722 
14.5900 	 3.2325 	 0.2073 	 36.4809 
14.6100 	 1.8395 	 0.1178 	 20.7034 
14.6300 	 0.4873 	 0.0312 	 5.4704 
14.6500 	 0.1895 	 0.0121 	 2.1218 
14.6700 	 0.1190 	 0.0076 	 1.3282 
14.6900 	 0.0741 	 0.0047 	 0.8245 
14.7100 	 0.0428 	 0.0027 	 0.4750 
14.7300 	 0.0125 	 0.0008 	 0.1383 
14.7500 	 0.0042 	 0.0003 	 0.0460 
14.7700 	 0.0003 	 0.0000 	 0.0036 
14.7900 	 0.0000 	 0.0000 	 0.0000 
14.8100 	 0.0000 	 0.0000 	 0.0000 
14.8300 	 0.0000 	 0.0000 	 0.0000 
14.8500 	 0.0000 	 0.0000 	 0.0000 
14.8700 	 0.0000 	 0.0000 	 0.0000 
14.8900 	 0.0000 	 0.0000 	 0.0000 
14.9100 	 0.0000 	 0.0000 	 0.0000 
14.9300 	 0.0000 	 0.0000 	 0.0000 
14.9500 	 0.0000 	 0.0000 	 0.0000 
14.9700 	 0.0000 	 0.0000 	 0.0000 
14.9900 	 0.0000 	 0.0000 	 0.0000 
